CL1.9j_new/bin/Debug/g2_2019_fildem.txt
ncols         236
nrows         223
xllcorner     558053.88224137
yllcorner     7763766.5752301
cellsize      1
NODATA_value  -9999
[rows 150 to 179 of 223, columns 67 to 133 of 236]
115.946 115.952 116.001 115.99 115.874 115.87 115.833 115.899 115.867 115.869 115.916 115.883 115.909 115.856 115.83 115.874 115.864 115.853 115.902 115.853 115.863 115.872 115.863 115.909 115.911 115.925 115.889 115.959 115.988 115.921 115.891 115.922 115.963 115.946 115.881 115.795 115.857 115.849 115.966 115.958 115.969 115.995 116.028 116.028 116.058 116.041 116.116 116.098 116.08 116.051 116.132 116.092 116.075 116.108 116.199 116.179 116.253 116.214 116.214 116.259 116.235 116.273 116.26 116.328 116.332 116.296 116.31
115.945 115.941 115.941 115.978 115.957 115.963 115.92 115.961 115.876 115.867 115.942 115.911 115.914 115.859 115.897 115.928 115.935 115.853 115.853 115.866 115.896 115.885 115.863 115.909 115.889 115.889 115.889 115.914 116.02 115.973 115.932 115.942 115.97 115.944 115.862 115.795 115.838 115.868 115.973 115.989 116.016 116.005 116.017 116.029 116.028 116.088 116.073 116.163 116.131 116.093 116.062 116.073 116.11 116.128 116.108 116.157 116.24 116.214 116.214 116.214 116.214 116.241 116.241 116.267 116.309 116.363 116.335
115.941 115.979 116.019 115.943 115.928 115.928 115.947 115.901 115.867 115.896 115.867 115.878 115.903 115.901 115.971 115.99 115.972 115.939 115.933 115.909 115.867 115.863 115.9 115.927 115.971 115.948 115.958 115.977 115.945 115.972 115.985 115.946 115.94 115.955 115.88 115.795 115.884 115.87 115.913 116.006 116.021 116.005 116.047 116.043 116.092 116.092 116.073 116.132 116.167 116.114 116.094 116.181 116.177 116.122 116.14 116.153 116.266 116.301 116.236 116.214 116.214 116.28 116.241 116.294 116.301 116.344 116.35
115.968 116.009 116.036 116.091 115.988 115.945 115.901 115.943 115.924 115.895 115.884 115.942 115.878 115.909 115.997 115.955 115.937 115.933 115.947 115.949 115.863 115.863 115.882 115.892 115.941 115.946 115.946 115.983 115.98 115.967 115.995 115.989 115.963 115.939 115.927 115.807 115.804 115.876 115.953 116.002 116.077 116.035 116.054 116.05 116.091 116.129 116.082 116.124 116.147 116.203 116.156 116.148 116.169 116.195 116.15 116.193 116.219 116.274 116.214 116.284 116.253 116.319 116.368 116.267 116.304 116.308 116.411
116.01 115.961 115.965 115.995 115.972 115.939 115.978 116.001 115.957 115.9 115.919 115.909 115.906 115.924 115.968 115.993 115.933 115.976 115.945 115.953 115.95 115.934 115.939 115.948 115.925 115.958 115.953 115.974 116.013 115.992 116.016 115.979 115.965 115.981 115.91 115.86 115.804 115.867 115.988 116.043 116.057 116.057 116.075 116.051 116.091 116.1 116.13 116.114 116.152 116.203 116.229 116.184 116.148 116.148 116.148 116.185 116.296 116.34 116.278 116.23 116.287 116.275 116.325 116.414 116.314 116.304 116.304
115.947 115.947 115.947 115.969 115.947 116.034 115.991 115.978 115.97 115.97 116.023 115.981 115.944 115.93 115.981 116.008 115.98 115.933 115.987 116.017 115.996 115.961 115.934 115.98 115.933 115.962 115.972 116.017 116.02 116.015 116.013 116.062 115.973 116.06 115.959 115.864 115.804 115.804 116.005 116.057 116.12 116.093 116.078 116.074 116.073 116.176 116.145 116.148 116.114 116.162 116.176 116.148 116.148 116.166 116.178 116.19 116.224 116.215 116.243 116.253 116.23 116.255 116.252 116.28 116.324 116.387 116.367
115.96 115.951 115.965 115.947 115.958 115.991 115.97 115.97 115.97 115.983 116.065 115.98 116.003 115.944 115.973 116.017 115.967 115.983 115.975 116.011 116.016 115.934 115.953 115.968 116.008 115.996 116.015 116.028 116.031 116.08 116.016 116.049 116.031 116.088 115.978 115.886 115.901 115.804 115.804 116.011 116.105 116.116 116.174 116.098 116.115 116.192 116.213 116.175 116.144 116.197 116.255 116.234 116.15 116.242 116.204 116.261 116.213 116.225 116.258 116.252 116.23 116.252 116.252 116.306 116.374 116.426 116.433
115.975 116.009 116.082 116.064 116.054 116.042 115.999 116.017 116.036 116.024 116.05 115.979 115.97 115.949 115.967 115.964 115.984 116.014 116.017 115.975 115.982 116.005 115.934 115.989 116.041 116.018 116.007 116.007 116.007 116.007 116.022 116.023 116.065 116.039 116.036 115.968 115.946 115.9 115.853 115.851 116.041 116.132 116.165 116.161 116.145 116.192 116.195 116.197 116.155 116.144 116.247 116.299 116.304 116.303 116.26 116.245 116.253 116.249 116.266 116.285 116.29 116.288 116.252 116.273 116.273 116.333 116.417
116.009 116.021 116.046 116.028 116.081 116.07 116.09 116.008 116.034 116.029 116.046 116.056 116.03 116.001 115.964 115.996 116.009 116.112 116.028 116.044 115.989 115.988 115.963 115.953 116.045 116.053 116.087 116.056 116.073 116.102 116.009 116.065 116.048 116.063 116.096 115.991 115.927 115.962 115.923 115.851 115.928 116.099 116.194 116.157 116.145 116.173 116.237 116.237 116.217 116.219 116.215 116.303 116.305 116.26 116.26 116.314 116.33 116.249 116.263 116.288 116.377 116.318 116.389 116.36 116.273 116.279 116.322
116.102 116.072 116.021 116.043 116.106 116.064 116.031 116.057 116.172 116.105 116.097 116.084 116.133 115.992 116.034 116.04 116.083 116.051 116.028 116.029 116.003 116.043 115.966 115.953 115.99 116.156 116.082 116.065 116.087 116.141 116.069 116.123 116.115 116.104 116.061 116.048 116.004 116.034 116.017 115.933 115.94 116.067 116.136 116.188 116.158 116.174 116.231 116.205 116.246 116.228 116.262 116.249 116.275 116.278 116.26 116.26 116.304 116.249 116.249 116.279 116.351 116.35 116.323 116.364 116.38 116.325 116.328
116.173 116.158 116.073 116.077 116.087 116.064 116.052 116.053 116.139 116.18 116.063 116.063 116.076 116.013 116.019 116.057 116.04 116.094 116.122 116.032 116.149 116.059 116.08 116.017 116.027 116.136 116.078 116.193 116.146 116.069 116.105 116.077 116.118 116.08 116.072 116.033 116.004 116.046 116.024 116.01 115.997 115.987 116.117 116.162 116.193 116.199 116.205 116.306 116.276 116.288 116.254 116.249 116.282 116.294 116.26 116.26 116.317 116.269 116.259 116.284 116.333 116.35 116.379 116.43 116.387 116.395 116.325
116.131 116.099 116.073 116.108 116.065 116.077 116.097 116.074 116.149 116.115 116.063 116.063 116.063 116.042 116.05 116.092 116.105 116.109 116.134 116.073 116.071 116.101 116.03 116.1 116.122 116.138 116.078 116.159 116.198 116.128 116.07 116.112 116.123 116.157 116.129 116.063 116.049 116.112 116.11 116.064 115.995 116.023 116.124 116.198 116.189 116.206 116.199 116.248 116.277 116.268 116.269 116.301 116.249 116.31 116.342 116.265 116.288 116.277 116.271 116.303 116.338 116.399 116.407 116.382 116.421 116.42 116.388
116.205 116.203 116.143 116.172 116.177 116.17 116.124 116.171 116.091 116.094 116.082 116.067 116.072 116.088 116.091 116.15 116.184 116.105 116.109 116.071 116.08 116.126 116.126 116.154 116.101 116.149 116.116 116.122 116.191 116.159 116.144 116.102 116.12 116.216 116.142 116.103 116.086 116.176 116.149 116.078 116.07 115.995 116.124 116.164 116.182 116.25 116.265 116.268 116.302 116.272 116.297 116.289 116.335 116.339 116.318 116.266 116.305 116.353 116.329 116.278 116.347 116.397 116.453 116.382 116.382 116.382 116.428
116.232 116.237 116.22 116.153 116.191 116.206 116.124 116.139 116.156 116.138 116.127 116.091 116.102 116.123 116.088 116.147 116.179 116.217 116.182 116.071 116.101 116.108 116.159 116.12 116.128 116.16 116.116 116.201 116.234 116.152 116.23 116.152 116.138 116.14 116.157 116.226 116.123 116.149 116.156 116.14 116.065 116.046 116.157 116.196 116.191 116.314 116.233 116.243 116.291 116.299 116.334 116.335 116.336 116.335 116.39 116.357 116.339 116.363 116.347 116.345 116.363 116.426 116.456 116.403 116.382 116.399 116.448
116.232 116.22 116.193 116.212 116.153 116.206 116.124 116.136 116.135 116.172 116.128 116.119 116.129 116.164 116.186 116.121 116.128 116.183 116.199 116.073 116.084 116.168 116.19 116.198 116.202 116.152 116.155 116.139 116.18 116.164 116.156 116.202 116.187 116.153 116.185 116.146 116.138 116.162 116.158 116.231 116.065 116.046 116.148 116.22 116.22 116.275 116.233 116.263 116.281 116.343 116.367 116.358 116.335 116.352 116.397 116.361 116.339 116.422 116.427 116.405 116.44 116.405 116.43 116.474 116.382 116.432 116.473
116.2 116.195 116.202 116.188 116.252 116.165 116.131 116.184 116.139 116.135 116.143 116.122 116.13 116.167 116.202 116.177 116.121 116.24 116.197 116.121 116.073 116.117 116.199 116.181 116.153 116.159 116.189 116.151 116.186 116.187 116.242 116.22 116.233 116.191 116.146 116.149 116.168 116.211 116.235 116.18 116.103 116.062 116.089 116.243 116.242 116.233 116.263 116.26 116.324 116.323 116.326 116.347 116.347 116.335 116.365 116.422 116.4 116.407 116.446 116.423 116.407 116.427 116.434 116.477 116.494 116.484 116.538
116.229 116.188 116.188 116.202 116.262 116.179 116.165 116.186 116.172 116.206 116.206 116.155 116.141 116.191 116.146 116.146 116.219 116.195 116.121 116.191 116.151 116.17 116.281 116.195 116.219 116.201 116.151 116.185 116.227 116.244 116.197 116.176 116.195 116.202 116.175 116.206 116.28 116.198 116.25 116.204 116.185 116.089 116.098 116.242 116.333 116.256 116.304 116.293 116.314 116.386 116.334 116.338 116.335 116.36 116.395 116.372 116.406 116.458 116.429 116.434 116.569 116.51 116.502 116.501 116.475 116.554 116.484
116.195 116.188 116.188 116.189 116.2 116.199 116.165 116.165 116.182 116.204 116.205 116.196 116.15 116.181 116.165 116.159 116.155 116.231 116.161 116.192 116.19 116.222 116.241 116.224 116.195 116.213 116.188 116.207 116.217 116.197 116.207 116.21 116.175 116.175 116.215 116.257 116.248 116.21 116.243 116.217 116.265 116.207 116.089 116.142 116.267 116.271 116.315 116.287 116.307 116.347 116.374 116.348 116.335 116.38 116.418 116.372 116.372 116.416 116.429 116.425 116.425 116.484 116.475 116.475 116.475 116.527 116.517
116.188 116.188 116.188 116.188 116.288 116.214 116.206 116.251 116.265 116.295 116.188 116.161 116.15 116.245 116.199 116.21 116.187 116.229 116.161 116.164 116.191 116.26 116.288 116.217 116.195 116.315 116.224 116.287 116.267 116.26 116.272 116.2 116.185 116.188 116.22 116.228 116.261 116.255 116.25 116.281 116.258 116.142 116.093 116.089 116.208 116.285 116.328 116.285 116.351 116.338 116.341 116.425 116.335 116.362 116.429 116.436 116.372 116.417 116.416 116.449 116.452 116.466 116.593 116.475 116.541 116.541 116.556
116.266 116.246 116.276 116.25 116.276 116.246 116.212 116.289 116.292 116.19 116.173 116.189 116.186 116.246 116.197 116.185 116.185 116.183 116.209 116.173 116.213 116.219 116.195 116.195 116.24 116.241 116.308 116.236 116.298 116.335 116.25 116.263 116.185 116.188 116.188 116.23 116.288 116.25 116.25 116.253 116.254 116.225 116.145 116.089 116.185 116.257 116.281 116.281 116.34 116.358 116.381 116.413 116.413 116.412 116.471 116.415 116.429 116.416 116.437 116.437 116.505 116.455 116.572 116.487 116.512 116.507 116.554
116.228 116.311 116.276 116.27 116.299 116.281 116.238 116.221 116.264 116.192 116.231 116.283 116.192 116.22 116.219 116.214 116.25 116.318 116.265 116.242 116.187 116.207 116.25 116.247 116.253 116.24 116.298 116.236 116.305 116.334 116.249 116.311 116.185 116.267 116.225 116.227 116.304 116.25 116.259 116.284 116.333 116.267 116.144 116.089 116.096 116.234 116.3 116.33 116.336 116.395 116.465 116.434 116.427 116.412 116.412 116.467 116.421 116.416 116.416 116.469 116.494 116.535 116.477 116.522 116.507 116.552 116.551
116.243 116.3 116.294 116.251 116.251 116.223 116.221 116.221 116.318 116.237 116.203 116.273 116.245 116.33 116.297 116.245 116.274 116.326 116.25 116.275 116.252 116.222 116.263 116.267 116.301 116.262 116.252 116.299 116.295 116.249 116.301 116.254 116.211 116.258 116.277 116.258 116.263 116.26 116.28 116.3 116.306 116.274 116.204 116.089 116.113 116.174 116.299 116.334 116.348 116.389 116.405 116.472 116.489 116.475 116.412 116.483 116.492 116.433 116.416 116.455 116.506 116.539 116.491 116.552 116.538 116.525 116.54
116.278 116.267 116.295 116.251 116.343 116.255 116.223 116.251 116.265 116.241 116.257 116.274 116.245 116.245 116.353 116.308 116.245 116.245 116.248 116.232 116.232 116.234 116.261 116.261 116.341 116.318 116.341 116.342 116.252 116.249 116.249 116.234 116.281 116.257 116.328 116.257 116.257 116.257 116.338 116.305 116.326 116.291 116.246 116.137 116.114 116.113 116.28 116.342 116.401 116.383 116.394 116.459 116.456 116.462 116.412 116.433 116.482 116.477 116.475 116.435 116.472 116.553 116.551 116.531 116.62 116.623 116.597
116.325 116.267 116.277 116.287 116.254 116.297 116.268 116.308 116.269 116.331 116.353 116.329 116.245 116.245 116.286 116.324 116.304 116.245 116.341 116.343 116.265 116.312 116.332 116.296 116.338 116.337 116.313 116.294 116.259 116.335 116.297 116.339 116.332 116.276 116.257 116.307 116.323 116.271 116.322 116.305 116.335 116.427 116.316 116.276 116.149 116.156 116.215 116.364 116.408 116.409 116.452 116.456 116.456 116.504 116.429 116.412 116.525 116.524 116.509 116.494 116.527 116.605 116.531 116.587 116.556 116.629 116.633
116.356 116.372 116.353 116.341 116.321 116.318 116.32 116.282 116.31 116.282 116.29 116.264 116.322 116.245 116.286 116.308 116.275 116.265 116.284 116.292 116.343 116.327 116.353 116.361 116.319 116.313 116.316 116.32 116.403 116.293 116.313 116.382 116.316 116.301 116.292 116.257 116.335 116.28 116.301 116.375 116.388 116.348 116.346 116.291 116.149 116.215 116.237 116.369 116.432 116.477 116.503 116.457 116.484 116.557 116.495 116.479 116.495 116.558 116.544 116.514 116.511 116.565 116.568 116.597 116.649 116.58 116.638
116.356 116.407 116.369 116.341 116.343 116.307 116.304 116.353 116.315 116.319 116.331 116.294 116.415 116.313 116.343 116.332 116.302 116.325 116.36 116.362 116.292 116.411 116.326 116.326 116.338 116.328 116.339 116.323 116.309 116.358 116.309 116.338 116.301 116.337 116.336 116.336 116.309 116.294 116.298 116.399 116.406 116.448 116.412 116.315 116.149 116.232 116.245 116.332 116.38 116.426 116.462 116.461 116.502 116.544 116.509 116.558 116.534 116.495 116.495 116.588 116.563 116.542 116.572 116.625 116.607 116.596 116.66
116.37 116.356 116.363 116.371 116.32 116.314 116.324 116.374 116.365 116.326 116.327 116.415 116.422 116.446 116.351 116.322 116.302 116.315 116.315 116.385 116.365 116.432 116.444 116.383 116.363 116.391 116.349 116.378 116.343 116.357 116.344 116.301 116.38 116.401 116.392 116.407 116.371 116.342 116.327 116.407 116.407 116.439 116.38 116.365 116.149 116.196 116.245 116.352 116.404 116.453 116.496 116.52 116.508 116.556 116.509 116.52 116.587 116.578 116.527 116.562 116.656 116.589 116.563 116.594 116.637 116.647 116.596
116.399 116.356 116.362 116.452 116.411 116.356 116.402 116.365 116.394 116.357 116.329 116.379 116.428 116.406 116.367 116.365 116.358 116.325 116.387 116.416 116.388 116.419 116.443 116.393 116.382 116.388 116.356 116.403 116.42 116.341 116.321 116.301 116.32 116.323 116.394 116.391 116.416 116.405 116.378 116.399 116.469 116.425 116.384 116.374 116.181 116.149 116.21 116.334 116.423 116.439 116.52 116.509 116.517 116.588 116.599 116.612 116.59 116.571 116.568 116.553 116.609 116.568 116.606 116.563 116.585 116.69 116.662
116.404 116.412 116.384 116.429 116.387 116.382 116.381 116.427 116.38 116.372 116.351 116.44 116.426 116.39 116.428 116.381 116.334 116.351 116.352 116.41 116.438 116.417 116.406 116.383 116.399 116.365 116.339 116.344 116.382 116.339 116.347 116.339 116.38 116.412 116.423 116.413 116.472 116.378 116.381 116.413 116.418 116.463 116.467 116.364 116.371 116.149 116.186 116.271 116.413 116.425 116.465 116.539 116.564 116.588 116.578 116.601 116.571 116.594 116.609 116.572 116.626 116.663 116.629 116.595 116.599 116.688 116.696
116.475 116.44 116.426 116.402 116.497 116.451 116.417 116.398 116.425 116.411 116.4 116.423 116.466 116.439 116.472 116.44 116.408 116.364 116.351 116.395 116.411 116.41 116.465 116.45 116.444 116.38 116.339 116.339 116.339 116.355 116.417 116.447 116.368 116.368 116.376 116.467 116.409 116.455 116.446 116.418 116.456 116.453 116.476 116.49 116.436 116.161 116.149 116.279 116.371 116.442 116.471 116.573 116.584 116.578 116.582 116.585 116.588 116.64 116.693 116.572 116.613 116.661 116.687 116.645 116.628 116.62 116.625
