CL1.9j_new/bin/Debug/g2_2019_fildem.txt
ncols         236
nrows         223
xllcorner     558053.88224137
yllcorner     7763766.5752301
cellsize      1
NODATA_value  -9999
[rows 0 to 29 of 223, columns 67 to 133 of 236]
113.683 113.684 113.687 113.742 113.806 113.774 113.85 113.86 113.84 113.859 113.868 113.889 113.892 113.901 113.937 113.968 113.945 113.963 113.972 114.044 114.079 114.041 114.109 114.131 114.126 114.138 114.215 114.201 114.2 114.309 114.376 114.435 114.457 114.374 114.449 114.412 114.444 114.486 114.505 114.471 114.55 114.561 114.544 114.605 114.588 114.59 114.612 114.601 114.647 114.619 114.682 114.696 114.681 114.764 114.795 114.84 114.85 114.867 114.83 114.932 114.949 114.88 114.93 114.915 114.967 115.018 114.991
113.727 113.715 113.711 113.795 113.771 113.825 113.798 113.808 113.827 113.853 113.861 113.883 113.907 113.9 113.926 113.941 113.939 114.008 114.017 114.034 114.053 114.053 114.109 114.109 114.11 114.272 114.236 114.273 114.33 114.347 114.396 114.429 114.41 114.401 114.424 114.415 114.449 114.496 114.5 114.521 114.488 114.522 114.547 114.59 114.632 114.649 114.615 114.649 114.69 114.756 114.712 114.741 114.87 114.815 114.752 114.783 114.827 114.886 114.888 114.837 114.914 114.933 114.938 114.968 114.993 115.019 115.048
113.76 113.739 113.729 113.786 113.855 113.791 113.83 113.852 113.846 113.862 113.871 113.889 113.907 113.918 113.953 113.937 114.008 113.981 114.093 114.069 114.054 114.089 114.145 114.117 114.272 114.249 114.311 114.31 114.351 114.345 114.316 114.322 114.355 114.373 114.432 114.457 114.501 114.451 114.515 114.489 114.547 114.516 114.543 114.606 114.654 114.636 114.638 114.707 114.667 114.731 114.71 114.741 114.741 114.75 114.785 114.82 114.787 114.869 114.874 114.837 114.854 114.965 114.923 115.027 114.978 115.001 115.009
113.768 113.788 113.73 113.801 113.769 113.799 113.819 113.853 113.84 113.862 113.864 113.877 113.909 113.922 113.929 113.977 113.992 114.055 114.038 114.016 114.075 114.189 114.091 114.148 114.245 114.241 114.241 114.376 114.334 114.316 114.344 114.38 114.382 114.355 114.479 114.446 114.446 114.487 114.568 114.489 114.541 114.555 114.527 114.608 114.606 114.664 114.652 114.662 114.701 114.671 114.773 114.761 114.806 114.861 114.799 114.803 114.834 114.852 114.913 114.909 114.87 114.866 114.893 114.99 114.948 114.925 115.008
113.754 113.785 113.802 113.769 113.792 113.831 113.839 113.84 113.873 113.961 114.034 113.956 113.974 113.976 113.972 113.964 113.992 114.109 114.016 114.026 114.071 114.158 114.082 114.144 114.17 114.257 114.241 114.263 114.316 114.351 114.316 114.382 114.5 114.458 114.445 114.53 114.452 114.483 114.578 114.513 114.541 114.577 114.603 114.69 114.637 114.657 114.641 114.661 114.698 114.79 114.829 114.745 114.767 114.809 114.806 114.885 114.851 114.861 114.852 114.936 114.866 114.889 114.866 114.901 114.901 114.96 114.979
113.734 113.784 113.811 113.802 113.8 113.878 113.831 113.843 113.84 113.884 113.982 113.911 113.934 113.955 114.012 114.007 113.966 113.978 114.019 114.084 114.076 114.082 114.082 114.144 114.261 114.315 114.267 114.298 114.367 114.345 114.383 114.418 114.458 114.484 114.465 114.559 114.452 114.519 114.549 114.513 114.546 114.541 114.639 114.651 114.625 114.625 114.629 114.673 114.703 114.728 114.772 114.745 114.753 114.814 114.904 114.87 114.87 114.919 114.922 114.876 114.863 114.868 114.87 114.915 114.908 114.941 114.929
113.736 113.748 113.818 113.874 113.817 113.897 113.921 113.888 113.848 113.928 113.906 113.932 113.96 113.938 114.038 114.011 113.984 113.982 114.019 114.044 114.125 114.097 114.093 114.15 114.198 114.328 114.267 114.308 114.319 114.314 114.314 114.457 114.439 114.546 114.47 114.474 114.499 114.572 114.566 114.544 114.566 114.601 114.59 114.625 114.658 114.65 114.709 114.639 114.696 114.706 114.731 114.814 114.854 114.87 114.823 114.837 114.876 114.846 114.856 114.884 114.861 114.926 114.944 114.963 114.948 114.929 114.988
113.806 113.768 113.801 113.783 113.819 113.849 113.88 113.903 113.957 113.952 113.9 113.945 113.954 114.01 114.01 113.984 114.019 114.03 114.036 114.029 114.066 114.118 114.178 114.196 114.269 114.365 114.299 114.28 114.346 114.393 114.314 114.472 114.435 114.425 114.425 114.452 114.514 114.569 114.57 114.538 114.54 114.625 114.577 114.601 114.581 114.647 114.649 114.691 114.707 114.696 114.776 114.84 114.777 114.813 114.83 114.864 114.81 114.819 114.828 114.884 114.861 114.927 114.921 114.9 114.95 114.993 114.989
113.735 113.815 113.854 113.78 113.798 113.894 113.849 113.911 113.884 113.892 113.892 113.909 113.943 113.97 114.007 114.009 114.022 114.03 114.042 114.038 114.163 114.202 114.171 114.169 114.177 114.245 114.258 114.328 114.326 114.314 114.39 114.418 114.438 114.456 114.425 114.432 114.532 114.52 114.529 114.522 114.52 114.577 114.577 114.577 114.621 114.592 114.769 114.762 114.766 114.702 114.74 114.766 114.762 114.836 114.802 114.835 114.802 114.84 114.819 114.85 114.872 114.876 114.876 114.919 114.99 114.962 115.024
113.701 113.747 113.78 113.815 113.799 113.87 113.852 113.919 113.884 113.901 113.929 113.942 113.942 113.942 113.977 113.993 114.007 114.045 114.055 114.094 114.079 114.099 114.169 114.169 114.204 114.361 114.285 114.362 114.355 114.308 114.442 114.366 114.412 114.425 114.472 114.458 114.457 114.554 114.52 114.607 114.52 114.589 114.61 114.623 114.577 114.629 114.636 114.684 114.772 114.757 114.712 114.762 114.845 114.802 114.802 114.802 114.802 114.896 114.865 114.906 114.895 114.899 114.918 114.949 114.955 114.962 115.044
113.673 113.72 113.812 113.851 113.852 113.813 113.852 113.884 113.927 113.884 113.902 113.94 114.023 113.988 114.009 114.035 114.051 114.04 114.078 114.146 114.102 114.143 114.194 114.265 114.261 114.335 114.305 114.328 114.308 114.318 114.419 114.364 114.398 114.448 114.431 114.46 114.459 114.557 114.52 114.52 114.604 114.638 114.645 114.616 114.638 114.613 114.641 114.7 114.732 114.724 114.758 114.737 114.782 114.837 114.802 114.802 114.833 114.86 114.937 114.954 114.907 114.895 114.933 114.927 114.958 115.038 115.037
113.722 113.727 113.813 113.851 113.846 113.842 113.878 113.906 113.904 113.887 113.916 113.978 113.99 114.016 114.013 114.015 114.017 114.039 114.089 114.193 114.169 114.12 114.151 114.165 114.215 114.301 114.301 114.301 114.301 114.35 114.364 114.364 114.44 114.446 114.487 114.534 114.521 114.597 114.602 114.577 114.594 114.594 114.594 114.636 114.623 114.613 114.655 114.67 114.746 114.745 114.747 114.773 114.821 114.823 114.83 114.854 114.846 114.899 114.925 114.912 114.913 114.918 114.911 114.943 114.971 114.993 115.014
113.749 113.837 113.816 113.826 113.826 113.849 113.842 113.889 113.926 113.949 113.952 113.963 114.104 114.056 114.013 114.033 114.038 114.052 114.086 114.231 114.225 114.136 114.168 114.24 114.231 114.316 114.301 114.301 114.301 114.394 114.516 114.364 114.461 114.499 114.454 114.544 114.521 114.529 114.559 114.6 114.693 114.607 114.652 114.62 114.613 114.651 114.723 114.739 114.766 114.765 114.843 114.82 114.773 114.822 114.808 114.892 114.827 114.889 114.875 114.896 114.957 114.96 114.994 114.984 114.998 114.979 115.033
113.757 113.788 113.801 113.879 113.863 113.848 113.853 113.884 113.912 113.924 113.924 113.949 114.049 114.022 114.054 114.038 114.033 114.035 114.119 114.103 114.161 114.172 114.193 114.262 114.307 114.333 114.301 114.301 114.301 114.33 114.418 114.377 114.477 114.519 114.607 114.575 114.632 114.618 114.568 114.564 114.606 114.603 114.611 114.669 114.673 114.686 114.663 114.714 114.712 114.778 114.834 114.773 114.856 114.808 114.829 114.822 114.845 114.875 114.875 114.953 114.93 114.999 114.997 114.979 114.997 115.076 115.092
113.788 113.83 113.881 113.86 113.906 113.892 113.869 113.916 113.916 113.951 113.997 113.973 113.956 114.006 114.043 114.055 114.08 114.063 114.1 114.123 114.139 114.167 114.199 114.309 114.338 114.391 114.366 114.305 114.354 114.355 114.361 114.361 114.366 114.447 114.491 114.534 114.63 114.509 114.509 114.513 114.551 114.627 114.593 114.608 114.659 114.726 114.722 114.691 114.731 114.771 114.862 114.843 114.872 114.878 114.933 114.945 114.868 114.901 114.913 114.936 114.986 114.95 114.963 114.994 115.008 115.057 115.095
113.764 113.795 113.846 113.83 113.846 113.94 113.91 113.925 113.979 113.962 113.951 114.034 114.015 114.02 114.024 114.082 114.076 114.065 114.107 114.129 114.154 114.19 114.172 114.325 114.346 114.352 114.337 114.419 114.433 114.449 114.362 114.364 114.475 114.45 114.519 114.544 114.509 114.509 114.521 114.535 114.571 114.578 114.632 114.621 114.705 114.723 114.727 114.741 114.846 114.763 114.815 114.829 114.803 114.807 114.88 114.896 114.966 114.888 114.914 114.944 114.971 114.979 115 115.003 115.045 115.123 115.135
113.804 113.789 113.83 113.96 113.932 113.95 113.936 113.912 113.989 114.002 113.983 113.977 114.038 114.03 114.021 114.08 114.063 114.095 114.15 114.156 114.24 114.195 114.227 114.32 114.315 114.362 114.305 114.405 114.443 114.358 114.365 114.362 114.407 114.474 114.615 114.591 114.509 114.509 114.509 114.627 114.548 114.557 114.582 114.668 114.634 114.723 114.706 114.809 114.741 114.744 114.793 114.793 114.892 114.854 114.866 114.873 114.896 114.888 114.906 115.019 114.962 114.962 114.962 115.008 115.019 115.103 115.08
113.817 113.795 113.896 113.95 113.931 113.97 113.917 113.912 113.956 113.977 114.007 114.044 114.022 113.994 114.001 114.051 114.059 114.063 114.19 114.136 114.251 114.228 114.222 114.212 114.272 114.305 114.321 114.333 114.358 114.362 114.378 114.394 114.384 114.531 114.513 114.509 114.553 114.509 114.509 114.526 114.559 114.589 114.607 114.707 114.727 114.71 114.706 114.803 114.802 114.838 114.8 114.85 114.9 114.88 114.877 114.882 114.98 114.897 114.904 114.949 115.021 115.027 115.002 115.079 115.124 115.105 115.08
113.788 113.812 113.854 113.945 113.945 113.931 113.967 114.01 113.938 113.954 113.999 113.988 113.994 114.037 114.074 114.064 114.051 114.092 114.085 114.136 114.226 114.228 114.212 114.247 114.397 114.337 114.35 114.353 114.34 114.384 114.431 114.401 114.454 114.431 114.509 114.509 114.509 114.509 114.509 114.572 114.715 114.591 114.66 114.607 114.705 114.683 114.772 114.783 114.8 114.801 114.856 114.89 114.903 114.877 114.877 114.954 114.944 114.944 114.968 114.984 114.977 114.997 115.035 115.022 115.022 115.095 115.075
113.855 113.869 113.812 113.849 113.971 113.954 113.935 113.953 113.938 113.938 113.974 114.005 113.988 114.033 114.064 114.148 114.111 114.094 114.131 114.143 114.181 114.212 114.245 114.25 114.32 114.392 114.319 114.334 114.388 114.353 114.466 114.405 114.448 114.527 114.559 114.535 114.512 114.509 114.551 114.521 114.545 114.579 114.625 114.642 114.655 114.77 114.694 114.765 114.773 114.811 114.919 114.914 114.885 114.935 114.885 114.935 114.979 114.956 114.954 114.977 114.984 115.015 115.031 115.065 115.053 115.075 115.134
113.804 113.814 113.842 113.94 113.951 113.928 113.933 113.978 113.938 113.965 113.97 113.97 114.02 114.027 114.027 114.083 114.096 114.103 114.106 114.153 114.166 114.208 114.279 114.278 114.319 114.302 114.302 114.334 114.347 114.399 114.412 114.43 114.423 114.472 114.54 114.533 114.561 114.705 114.599 114.671 114.669 114.641 114.627 114.671 114.741 114.747 114.701 114.885 114.798 114.876 114.883 114.941 114.897 114.885 114.885 114.964 114.98 114.972 114.958 114.996 115.041 115.04 115.085 115.054 115.084 115.093 115.131
113.775 113.832 113.814 113.898 113.934 113.935 113.928 113.928 113.962 113.965 114.032 114.021 114.058 114.032 114.058 114.1 114.121 114.14 114.11 114.125 114.125 114.174 114.213 114.262 114.302 114.303 114.322 114.373 114.34 114.401 114.5 114.561 114.438 114.504 114.512 114.618 114.676 114.588 114.634 114.679 114.646 114.683 114.743 114.668 114.791 114.771 114.736 114.804 114.799 114.83 114.88 114.934 114.902 114.895 114.911 114.966 114.948 114.974 115.023 115.039 115.071 115.111 115.04 115.072 115.129 115.076 115.098
113.807 113.902 113.814 113.897 113.983 113.928 113.943 114.022 113.991 113.969 114.004 113.987 114.029 114.029 114.034 114.069 114.083 114.122 114.146 114.149 114.174 114.202 114.206 114.239 114.259 114.328 114.393 114.356 114.363 114.403 114.406 114.526 114.432 114.459 114.508 114.547 114.653 114.659 114.588 114.678 114.646 114.679 114.703 114.739 114.79 114.736 114.807 114.808 114.799 114.858 114.968 114.909 114.909 114.925 114.911 114.991 115.014 114.948 114.998 115.055 115.06 115.116 115.04 115.054 115.076 115.122 115.126
113.808 113.901 113.881 113.946 113.923 113.925 113.971 113.998 113.997 113.969 113.987 114.031 114.036 114.053 114.053 114.086 114.146 114.157 114.139 114.139 114.193 114.24 114.235 114.263 114.286 114.318 114.383 114.353 114.449 114.431 114.41 114.406 114.406 114.436 114.457 114.638 114.614 114.685 114.642 114.688 114.677 114.702 114.726 114.788 114.767 114.83 114.834 114.824 114.853 114.958 114.922 114.909 114.909 114.909 114.959 114.911 114.939 114.982 114.991 115.097 115.058 115.122 115.133 115.057 115.056 115.104 115.164
113.827 113.87 113.897 113.915 113.93 113.92 113.963 114.008 114.038 114.002 114.007 114.007 114.068 114.085 114.112 114.12 114.17 114.133 114.152 114.162 114.193 114.255 114.234 114.26 114.289 114.354 114.353 114.377 114.418 114.444 114.431 114.406 114.588 114.44 114.619 114.583 114.682 114.658 114.684 114.688 114.755 114.752 114.767 114.823 114.84 114.797 114.768 114.77 114.813 114.826 114.944 114.971 114.982 114.926 114.947 115.01 114.956 115.029 115.044 115.065 115.043 115.106 115.057 115.081 115.096 115.08 115.19
113.788 113.821 113.91 113.927 113.92 113.92 113.988 113.987 113.987 113.987 114.015 114.051 114.056 114.114 114.114 114.133 114.133 114.142 114.172 114.196 114.225 114.234 114.282 114.298 114.304 114.294 114.381 114.42 114.423 114.422 114.489 114.496 114.563 114.465 114.67 114.702 114.665 114.6 114.655 114.734 114.685 114.784 114.75 114.738 114.759 114.759 114.759 114.796 114.813 114.831 114.903 114.898 114.924 114.96 114.99 115.001 115.001 115.029 115.062 115.055 115.043 115.087 115.081 115.102 115.101 115.09 115.153
113.801 113.832 113.914 113.908 113.988 113.988 113.954 114.074 114.022 114.022 114.025 114.05 114.095 114.121 114.097 114.119 114.163 114.16 114.2 114.205 114.229 114.28 114.278 114.319 114.316 114.339 114.37 114.397 114.425 114.491 114.427 114.523 114.552 114.581 114.621 114.607 114.6 114.667 114.615 114.685 114.708 114.726 114.738 114.764 114.774 114.784 114.764 114.871 114.823 114.843 114.898 114.898 114.943 114.924 114.978 115.047 115.019 115.053 115.074 115.041 115.059 115.1 115.093 115.093 115.156 115.111 115.132
113.872 113.911 113.908 113.955 113.996 113.955 114.035 114.044 114.045 114.026 114.023 114.061 114.08 114.097 114.102 114.118 114.183 114.157 114.21 114.202 114.278 114.302 114.278 114.31 114.364 114.358 114.383 114.379 114.402 114.461 114.489 114.548 114.529 114.64 114.581 114.6 114.6 114.6 114.632 114.758 114.732 114.725 114.721 114.746 114.773 114.752 114.769 114.847 114.886 114.851 114.929 114.902 114.938 114.988 114.934 114.946 115.018 115.018 115.068 115.041 115.043 115.059 115.134 115.108 115.093 115.182 115.14
113.889 113.902 113.958 113.979 113.936 113.939 113.939 113.999 114.019 114.058 114.051 114.082 114.098 114.104 114.162 114.141 114.157 114.187 114.239 114.25 114.324 114.278 114.324 114.328 114.371 114.391 114.41 114.428 114.396 114.456 114.456 114.475 114.546 114.582 114.59 114.602 114.623 114.722 114.744 114.752 114.728 114.742 114.715 114.725 114.735 114.782 114.789 114.846 114.86 114.873 114.917 114.93 114.958 115.013 115.025 115.027 115.045 115.018 115.024 115.037 115.075 115.074 115.103 115.122 115.138 115.143 115.14
113.845 113.895 113.903 113.919 113.938 113.958 114.018 114.003 114.074 114.06 114.085 114.051 114.093 114.103 114.163 114.17 114.199 114.206 114.32 114.27 114.424 114.308 114.33 114.346 114.375 114.371 114.43 114.431 114.429 114.472 114.461 114.475 114.55 114.514 114.615 114.597 114.572 114.676 114.706 114.721 114.804 114.711 114.734 114.752 114.816 114.745 114.821 114.833 114.833 114.869 114.961 115.011 115.004 115.043 115.013 115.046 115.066 115.029 115.032 115.03 115.053 115.101 115.14 115.099 115.105 115.133 115.113
