CL1.9j_new/bin/Debug/g2_2019_fildem.txt
ncols         236
nrows         223
xllcorner     558053.88224137
yllcorner     7763766.5752301
cellsize      1
NODATA_value  -9999
[rows 0 to 29 of 223, columns 134 to 200 of 236]
114.924 114.961 115.001 115.032 115.142 115.14 115.149 115.194 115.162 115.172 115.187 115.284 115.178 115.29 115.27 115.281 115.283 115.376 115.321 115.419 115.417 115.464 115.423 115.43 115.453 115.467 115.5 115.523 115.518 115.448 115.535 115.517 115.451 115.525 115.567 115.533 115.571 115.554 115.635 115.621 115.646 115.629 115.647 115.689 115.698 115.705 115.699 115.729 115.778 115.837 115.898 115.933 115.997 116.042 116.082 116.18 116.317 116.33 116.311 116.43 116.366 116.381 116.422 116.428 116.472 116.5 116.484
115.01 115.078 114.972 115.019 115.09 115.049 115.077 115.192 115.212 115.209 115.223 115.252 115.322 115.277 115.264 115.299 115.336 115.363 115.404 115.431 115.456 115.478 115.482 115.423 115.49 115.478 115.458 115.433 115.429 115.469 115.474 115.468 115.509 115.536 115.563 115.624 115.581 115.606 115.587 115.637 115.657 115.631 115.659 115.68 115.68 115.713 115.693 115.74 115.788 115.829 115.923 115.943 116.003 116.076 116.164 116.25 116.305 116.344 116.431 116.379 116.436 116.434 116.43 116.425 116.445 116.485 116.507
115.04 115.05 114.976 115.02 115.028 115.109 115.114 115.156 115.281 115.209 115.209 115.274 115.308 115.226 115.25 115.309 115.337 115.358 115.347 115.483 115.414 115.467 115.456 115.41 115.478 115.454 115.428 115.429 115.433 115.441 115.45 115.484 115.539 115.561 115.597 115.632 115.603 115.609 115.618 115.589 115.645 115.658 115.672 115.688 115.687 115.691 115.721 115.768 115.797 115.857 115.91 115.995 116.078 116.117 116.209 116.349 116.336 116.377 116.394 116.414 116.417 116.433 116.422 116.492 116.469 116.489 116.525
114.981 115.05 115.06 115.118 115.071 115.053 115.099 115.254 115.254 115.22 115.285 115.233 115.226 115.309 115.274 115.239 115.386 115.405 115.347 115.365 115.388 115.451 115.419 115.406 115.42 115.432 115.408 115.435 115.452 115.419 115.48 115.503 115.534 115.548 115.588 115.585 115.592 115.688 115.639 115.636 115.641 115.636 115.638 115.676 115.693 115.715 115.759 115.778 115.811 115.911 115.939 116.035 116.096 116.156 116.331 116.304 116.323 116.366 116.364 116.364 116.384 116.384 116.47 116.577 116.552 116.505 116.548
114.99 115.03 115.083 115.104 115.11 115.102 115.109 115.245 115.199 115.169 115.176 115.196 115.211 115.213 115.233 115.249 115.309 115.315 115.39 115.386 115.407 115.414 115.421 115.441 115.392 115.387 115.404 115.408 115.415 115.482 115.497 115.497 115.561 115.564 115.585 115.6 115.614 115.638 115.636 115.636 115.636 115.636 115.652 115.693 115.707 115.7 115.808 115.802 115.832 115.917 116.011 116.058 116.142 116.197 116.278 116.335 116.34 116.346 116.477 116.499 116.472 116.439 116.592 116.547 116.58 116.566 116.586
114.961 115.017 115.122 115.082 115.112 115.083 115.208 115.202 115.169 115.169 115.169 115.18 115.268 115.212 115.249 115.331 115.356 115.372 115.38 115.396 115.367 115.414 115.421 115.383 115.37 115.403 115.388 115.424 115.501 115.501 115.482 115.546 115.531 115.554 115.575 115.642 115.642 115.64 115.636 115.636 115.636 115.651 115.637 115.718 115.73 115.748 115.802 115.851 115.883 115.927 116.052 116.087 116.182 116.253 116.495 116.495 116.441 116.439 116.48 116.515 116.578 116.439 116.597 116.562 116.611 116.639 116.639
114.966 115.015 115.025 115.089 115.083 115.108 115.118 115.125 115.186 115.225 115.227 115.205 115.221 115.219 115.298 115.286 115.374 115.356 115.39 115.358 115.365 115.351 115.349 115.362 115.392 115.406 115.418 115.534 115.543 115.498 115.535 115.539 115.561 115.552 115.61 115.623 115.623 115.642 115.657 115.766 115.649 115.712 115.712 115.686 115.686 115.856 115.805 115.836 115.997 115.981 116.081 116.118 116.196 116.243 116.369 116.427 116.49 116.436 116.401 116.471 116.596 116.601 116.514 116.584 116.63 116.755 116.802
115.056 115.009 115.056 115.052 115.069 115.086 115.137 115.124 115.19 115.186 115.194 115.194 115.202 115.257 115.298 115.313 115.365 115.376 115.366 115.443 115.342 115.331 115.351 115.373 115.392 115.418 115.457 115.499 115.496 115.5 115.536 115.503 115.559 115.575 115.631 115.638 115.623 115.676 115.675 115.717 115.68 115.687 115.686 115.712 115.738 115.923 116.007 115.858 115.958 116.025 116.084 116.173 116.2 116.255 116.324 116.397 116.358 116.358 116.415 116.421 116.482 116.502 116.516 116.536 116.613 116.663 116.711
115.083 115.019 115.049 115.039 115.109 115.105 115.144 115.155 115.187 115.29 115.215 115.247 115.237 115.254 115.295 115.299 115.337 115.39 115.398 115.316 115.32 115.341 115.345 115.361 115.383 115.453 115.477 115.496 115.535 115.496 115.496 115.522 115.517 115.623 115.676 115.654 115.647 115.653 115.758 115.712 115.722 115.705 115.69 115.691 115.768 115.888 116.011 115.945 116.047 116.037 116.078 116.121 116.201 116.256 116.289 116.399 116.358 116.399 116.417 116.498 116.519 116.579 116.59 116.584 116.576 116.707 116.787
115.019 115.019 115.03 115.035 115.138 115.119 115.146 115.151 115.151 115.189 115.206 115.267 115.247 115.296 115.324 115.358 115.348 115.347 115.384 115.316 115.348 115.351 115.35 115.428 115.435 115.443 115.493 115.54 115.549 115.505 115.522 115.519 115.528 115.548 115.659 115.734 115.689 115.792 115.732 115.712 115.749 115.783 115.736 115.718 115.803 115.979 115.978 116.015 116.039 116.037 116.08 116.178 116.221 116.25 116.325 116.442 116.358 116.395 116.472 116.585 116.515 116.527 116.569 116.579 116.601 116.664 116.664
115.065 115.056 115.12 115.153 115.21 115.218 115.166 115.151 115.199 115.239 115.235 115.331 115.291 115.347 115.327 115.355 115.337 115.364 115.312 115.322 115.323 115.357 115.365 115.396 115.414 115.424 115.473 115.476 115.457 115.498 115.493 115.603 115.565 115.635 115.663 115.775 115.77 115.768 115.712 115.773 115.726 115.717 115.732 115.728 115.828 115.936 116.025 116.088 116.048 116.081 116.151 116.178 116.243 116.305 116.304 116.358 116.432 116.385 116.418 116.441 116.514 116.529 116.66 116.585 116.62 116.69 116.7
115.071 115.057 115.131 115.215 115.217 115.21 115.226 115.182 115.311 115.205 115.208 115.222 115.361 115.299 115.293 115.322 115.346 115.296 115.331 115.349 115.353 115.385 115.372 115.388 115.424 115.445 115.451 115.471 115.456 115.477 115.526 115.566 115.575 115.642 115.675 115.801 115.747 115.759 115.712 115.719 115.722 115.717 115.745 115.773 115.851 115.875 116.051 116.202 116.1 116.109 116.159 116.283 116.279 116.296 116.282 116.372 116.403 116.397 116.426 116.465 116.494 116.521 116.579 116.565 116.614 116.667 116.721
115.026 115.081 115.131 115.174 115.193 115.182 115.182 115.182 115.203 115.23 115.217 115.222 115.256 115.274 115.273 115.277 115.287 115.285 115.354 115.368 115.414 115.402 115.431 115.414 115.46 115.437 115.445 115.456 115.48 115.526 115.528 115.543 115.637 115.642 115.659 115.72 115.712 115.712 115.727 115.732 115.712 115.732 115.753 115.753 115.817 115.872 115.968 116.023 116.138 116.137 116.269 116.35 116.338 116.279 116.308 116.405 116.376 116.419 116.423 116.537 116.498 116.547 116.563 116.584 116.645 116.69 116.76
115.048 115.087 115.099 115.138 115.211 115.182 115.211 115.182 115.182 115.269 115.276 115.217 115.265 115.257 115.266 115.275 115.28 115.311 115.31 115.425 115.456 115.459 115.439 115.423 115.447 115.437 115.501 115.479 115.503 115.504 115.548 115.627 115.664 115.657 115.653 115.718 115.75 115.738 115.712 115.712 115.861 115.764 115.791 115.826 115.875 115.956 115.923 116.18 116.234 116.235 116.32 116.326 116.369 116.302 116.31 116.497 116.478 116.555 116.584 116.57 116.512 116.553 116.591 116.674 116.681 116.746 116.831
115.074 115.089 115.108 115.161 115.19 115.192 115.21 115.191 115.182 115.259 115.271 115.27 115.256 115.266 115.267 115.265 115.329 115.312 115.381 115.388 115.427 115.435 115.448 115.473 115.443 115.45 115.437 115.5 115.513 115.528 115.59 115.635 115.663 115.684 115.669 115.712 115.712 115.724 115.713 115.739 115.804 115.856 115.806 115.837 115.909 115.976 115.94 116.077 116.202 116.174 116.3 116.268 116.242 116.268 116.308 116.402 116.519 116.617 116.577 116.512 116.553 116.688 116.663 116.69 116.743 116.802 116.889
115.115 115.128 115.185 115.13 115.167 115.252 115.231 115.195 115.203 115.276 115.328 115.277 115.265 115.247 115.258 115.301 115.331 115.373 115.396 115.403 115.429 115.476 115.448 115.476 115.451 115.437 115.503 115.573 115.553 115.567 115.577 115.596 115.631 115.696 115.779 115.812 115.772 115.712 115.721 115.762 115.877 115.88 115.902 115.977 115.91 115.963 116.024 116.064 116.174 116.216 116.284 116.238 116.259 116.305 116.346 116.45 116.457 116.587 116.571 116.68 116.579 116.612 116.654 116.717 116.78 116.84 116.933
115.08 115.206 115.166 115.2 115.193 115.17 115.252 115.233 115.195 115.228 115.256 115.303 115.241 115.295 115.28 115.328 115.376 115.391 115.373 115.375 115.483 115.422 115.432 115.455 115.439 115.465 115.539 115.513 115.539 115.624 115.567 115.597 115.694 115.757 115.708 115.741 115.744 115.766 115.754 115.745 115.808 115.905 115.945 115.923 115.91 115.956 116.032 116.126 116.064 116.202 116.165 116.263 116.284 116.306 116.416 116.47 116.54 116.491 116.542 116.58 116.604 116.633 116.7 116.758 116.801 116.843 116.96
115.094 115.181 115.211 115.212 115.211 115.215 115.242 115.24 115.276 115.292 115.278 115.235 115.265 115.244 115.352 115.398 115.358 115.443 115.422 115.401 115.388 115.475 115.432 115.452 115.439 115.462 115.485 115.509 115.571 115.61 115.601 115.637 115.777 115.771 115.817 115.809 115.777 115.753 115.745 115.8 115.8 115.889 115.964 115.955 115.924 116.063 116.062 116.127 116.129 116.128 116.194 116.242 116.359 116.34 116.424 116.485 116.485 116.545 116.526 116.571 116.585 116.68 116.766 116.812 116.83 116.913 116.986
115.075 115.143 115.258 115.228 115.187 115.29 115.262 115.224 115.319 115.266 115.235 115.241 115.243 115.328 115.39 115.493 115.442 115.428 115.45 115.402 115.414 115.463 115.492 115.463 115.454 115.459 115.518 115.503 115.529 115.609 115.635 115.633 115.758 115.854 115.751 115.769 115.757 115.761 115.745 115.769 115.811 115.962 115.954 116.034 115.962 116.059 116.076 116.166 116.177 116.138 116.205 116.283 116.384 116.351 116.466 116.435 116.509 116.495 116.551 116.612 116.647 116.696 116.786 116.844 116.889 116.953 117.049
115.169 115.169 115.222 115.132 115.172 115.233 115.263 115.277 115.201 115.282 115.242 115.235 115.332 115.367 115.421 115.379 115.42 115.409 115.398 115.428 115.47 115.485 115.503 115.476 115.46 115.46 115.548 115.527 115.545 115.609 115.653 115.698 115.779 115.821 115.751 115.768 115.779 115.751 115.763 115.901 115.861 115.964 115.981 115.946 115.985 116.026 116.123 116.131 116.161 116.147 116.242 116.24 116.293 116.374 116.54 116.435 116.466 116.545 116.569 116.608 116.661 116.767 116.826 116.893 116.962 117.039 117.088
115.147 115.165 115.132 115.147 115.199 115.2 115.216 115.198 115.198 115.221 115.235 115.308 115.313 115.341 115.379 115.399 115.406 115.398 115.405 115.414 115.463 115.463 115.52 115.53 115.543 115.531 115.546 115.546 115.569 115.623 115.711 115.728 115.76 115.759 115.746 115.747 115.747 115.753 115.787 115.789 115.825 115.906 115.92 116.026 116.029 116.089 116.182 116.126 116.126 116.197 116.208 116.24 116.341 116.476 116.55 116.435 116.497 116.513 116.594 116.666 116.733 116.794 116.881 116.953 117.053 117.118 117.143
115.158 115.14 115.132 115.153 115.17 115.186 115.198 115.217 115.239 115.273 115.301 115.296 115.322 115.348 115.332 115.372 115.404 115.393 115.414 115.455 115.464 115.494 115.547 115.539 115.556 115.527 115.545 115.547 115.546 115.576 115.737 115.722 115.864 115.776 115.732 115.762 115.748 115.748 115.82 115.806 115.903 115.963 115.974 115.998 116.026 116.034 116.083 116.083 116.143 116.227 116.229 116.321 116.414 116.43 116.445 116.485 116.491 116.546 116.641 116.735 116.761 116.858 116.935 117.022 117.116 117.205 117.274
115.179 115.132 115.156 115.145 115.162 115.18 115.2 115.194 115.259 115.296 115.292 115.309 115.345 115.338 115.322 115.331 115.393 115.393 115.42 115.492 115.473 115.472 115.472 115.475 115.518 115.506 115.567 115.563 115.608 115.59 115.681 115.726 115.78 115.732 115.757 115.732 115.748 115.77 115.796 115.859 115.955 116.018 116.008 116.024 116.009 116.05 116.085 116.094 116.138 116.206 116.272 116.329 116.382 116.421 116.438 116.482 116.534 116.585 116.661 116.721 116.831 116.897 116.967 117.032 117.195 117.258 117.278
115.17 115.132 115.139 115.14 115.183 115.173 115.171 115.261 115.324 115.287 115.287 115.368 115.319 115.319 115.319 115.331 115.435 115.418 115.432 115.443 115.447 115.48 115.54 115.491 115.498 115.517 115.529 115.585 115.59 115.618 115.716 115.703 115.739 115.732 115.732 115.734 115.748 115.783 115.839 115.921 116.021 116.03 116.009 116.043 116.073 116.054 116.081 116.112 116.165 116.209 116.281 116.311 116.379 116.422 116.472 116.514 116.561 116.625 116.705 116.795 116.888 116.936 117.072 117.179 117.235 117.302 117.343
115.134 115.132 115.137 115.16 115.175 115.171 115.264 115.288 115.283 115.3 115.314 115.405 115.349 115.362 115.35 115.339 115.417 115.489 115.459 115.48 115.443 115.499 115.512 115.495 115.509 115.523 115.572 115.636 115.606 115.672 115.691 115.706 115.703 115.747 115.751 115.732 115.797 115.83 115.841 115.941 116.016 115.993 116.167 116.113 116.103 116.07 116.116 116.14 116.19 116.245 116.284 116.331 116.401 116.433 116.496 116.551 116.63 116.694 116.764 116.864 116.949 117.051 117.13 117.204 117.273 117.301 117.399
115.132 115.132 115.134 115.165 115.16 115.251 115.292 115.257 115.28 115.296 115.296 115.408 115.342 115.341 115.424 115.382 115.375 115.464 115.465 115.521 115.475 115.458 115.561 115.563 115.558 115.58 115.696 115.699 115.684 115.663 115.682 115.796 115.732 115.761 115.742 115.766 115.846 115.859 115.889 115.904 115.986 116.029 116.134 116.138 116.143 116.098 116.138 116.175 116.221 116.267 116.318 116.381 116.422 116.472 116.539 116.61 116.697 116.751 116.83 116.92 117.001 117.126 117.207 117.343 117.384 117.37 117.394
115.132 115.166 115.161 115.172 115.254 115.302 115.243 115.282 115.314 115.298 115.311 115.32 115.341 115.341 115.4 115.39 115.415 115.458 115.59 115.494 115.52 115.512 115.676 115.632 115.582 115.645 115.707 115.663 115.663 115.663 115.738 115.687 115.724 115.752 115.754 115.772 115.87 115.874 115.912 115.987 116.028 116.091 116.167 116.158 116.122 116.124 116.182 116.21 116.244 116.312 116.36 116.402 116.456 116.527 116.601 116.689 116.748 116.832 116.919 117.026 117.128 117.2 117.248 117.303 117.358 117.424 117.426
115.132 115.155 115.153 115.233 115.234 115.236 115.265 115.297 115.311 115.291 115.291 115.345 115.349 115.359 115.405 115.402 115.405 115.542 115.509 115.539 115.536 115.569 115.573 115.667 115.621 115.633 115.72 115.685 115.67 115.675 115.717 115.711 115.719 115.781 115.752 115.8 115.869 116.008 116.062 116.064 116.086 116.154 116.196 116.176 116.193 116.182 116.207 116.232 116.294 116.368 116.426 116.454 116.51 116.592 116.666 116.744 116.833 116.952 117.05 117.101 117.205 117.251 117.314 117.331 117.39 117.448 117.498
115.135 115.153 115.207 115.221 115.252 115.234 115.277 115.305 115.291 115.308 115.316 115.365 115.371 115.365 115.394 115.452 115.441 115.471 115.537 115.607 115.61 115.585 115.611 115.588 115.671 115.696 115.683 115.684 115.67 115.699 115.675 115.728 115.758 115.776 115.807 115.892 115.91 116.018 116.038 116.051 116.147 116.215 116.201 116.213 116.191 116.217 116.246 116.301 116.316 116.36 116.443 116.495 116.578 116.682 116.749 116.822 116.935 116.991 117.096 117.169 117.287 117.327 117.353 117.41 117.428 117.476 117.511
115.157 115.208 115.219 115.231 115.244 115.245 115.289 115.297 115.291 115.354 115.389 115.385 115.387 115.412 115.43 115.445 115.455 115.49 115.552 115.65 115.678 115.608 115.639 115.617 115.615 115.708 115.656 115.682 115.67 115.774 115.712 115.757 115.774 115.802 115.864 115.916 115.984 116.027 116.042 116.131 116.18 116.211 116.204 116.217 116.274 116.282 116.265 116.3 116.35 116.395 116.466 116.555 116.644 116.728 116.811 116.91 117.007 117.062 117.174 117.262 117.316 117.369 117.396 117.444 117.509 117.513 117.583
