CL1.9j_new/bin/Debug/g2_2019_fildem.txt
ncols         236
nrows         223
xllcorner     558053.88224137
yllcorner     7763766.5752301
cellsize      1
NODATA_value  -9999
[rows 180 to 209 of 223, columns 0 to 66 of 236]
117.145 117.19 117.216 117.13 117.084 117.06 117.068 116.99 117.053 116.988 116.934 116.887 116.887 116.878 116.935 116.878 116.878 116.909 116.909 116.879 116.855 116.87 116.844 116.88 116.85 116.837 116.877 116.8 116.777 116.765 116.723 116.712 116.745 116.727 116.695 116.785 116.694 116.717 116.717 116.748 116.666 116.647 116.647 116.611 116.62 116.621 116.669 116.655 116.66 116.652 116.66 116.618 116.559 116.585 116.656 116.56 116.553 116.532 116.517 116.517 116.504 116.538 116.564 116.525 116.543 116.474 116.512
117.036 117.089 117.049 117.112 117.091 117.111 117.064 116.99 117.009 116.997 116.935 116.89 116.893 116.878 116.878 116.914 116.878 116.917 116.916 116.872 116.904 116.846 116.921 116.964 116.898 116.857 116.844 116.777 116.805 116.832 116.764 116.712 116.774 116.747 116.782 116.742 116.762 116.738 116.74 116.74 116.753 116.72 116.758 116.703 116.652 116.692 116.675 116.668 116.652 116.652 116.663 116.667 116.586 116.553 116.553 116.553 116.642 116.557 116.517 116.614 116.634 116.504 116.504 116.493 116.493 116.494 116.483
117.04 117.04 117.04 117.04 117.04 117.103 117.081 117.146 117.095 116.954 116.931 116.939 116.987 116.896 116.878 116.961 116.939 116.974 117.001 116.874 116.846 116.916 116.947 116.878 116.857 116.912 116.933 116.861 116.841 116.78 116.76 116.715 116.721 116.766 116.739 116.739 116.739 116.738 116.771 116.793 116.757 116.782 116.699 116.746 116.659 116.674 116.668 116.706 116.66 116.696 116.652 116.702 116.591 116.572 116.567 116.581 116.63 116.565 116.548 116.53 116.672 116.584 116.556 116.51 116.497 116.483 116.503
117.184 117.048 117.068 117.062 117.04 117.074 117.043 117.017 116.999 116.972 117.027 116.934 116.95 116.998 116.929 117.012 116.98 116.996 116.922 116.968 116.862 116.959 116.952 116.867 116.857 116.957 116.959 116.865 116.82 116.836 116.762 116.762 116.748 116.753 116.739 116.806 116.782 116.769 116.783 116.76 116.731 116.712 116.725 116.684 116.659 116.721 116.674 116.703 116.713 116.696 116.731 116.682 116.711 116.6 116.607 116.576 116.593 116.562 116.579 116.542 116.627 116.611 116.625 116.585 116.569 116.541 116.58
117.152 117.131 117.127 117.158 117.157 117.14 117.103 117.077 117.036 117.019 117.015 116.934 116.952 116.93 116.975 116.928 116.928 116.927 116.89 116.89 116.945 117.009 116.867 116.912 116.935 117.027 116.975 116.873 116.915 116.818 116.809 116.81 116.748 116.777 116.752 116.813 116.812 116.769 116.781 116.741 116.725 116.712 116.796 116.752 116.705 116.676 116.707 116.771 116.742 116.75 116.688 116.695 116.712 116.683 116.669 116.602 116.641 116.569 116.559 116.651 116.662 116.65 116.569 116.569 116.603 116.593 116.579
117.129 117.132 117.141 117.215 117.229 117.109 117.116 117.19 117.121 117.142 117.056 116.988 116.94 116.961 117.002 116.928 116.934 116.916 116.982 116.89 116.972 116.996 116.959 116.951 116.912 116.912 116.918 116.925 116.946 116.881 116.832 116.877 116.849 116.839 116.865 116.818 116.859 116.772 116.823 116.813 116.718 116.746 116.758 116.72 116.676 116.693 116.676 116.707 116.756 116.737 116.726 116.683 116.683 116.73 116.714 116.747 116.684 116.721 116.689 116.685 116.7 116.609 116.653 116.617 116.657 116.611 116.602
117.216 117.141 117.166 117.191 117.114 117.102 117.102 117.103 117.102 117.102 117.02 117.023 116.992 116.972 117.096 116.993 117.015 116.929 116.987 116.931 116.954 117.019 116.99 116.989 116.937 116.912 116.965 116.918 116.953 116.91 116.894 116.928 116.922 116.839 116.846 116.886 116.845 116.808 116.825 116.794 116.738 116.78 116.72 116.765 116.735 116.73 116.72 116.705 116.74 116.728 116.732 116.764 116.814 116.766 116.73 116.74 116.684 116.684 116.697 116.648 116.652 116.634 116.734 116.661 116.636 116.654 116.581
117.192 117.199 117.182 117.226 117.149 117.138 117.102 117.102 117.107 117.144 117.01 117.01 117.021 117.029 117.106 117.004 116.99 116.976 117.027 116.94 117.05 116.978 116.981 116.947 116.912 116.964 116.977 116.98 116.937 116.897 116.894 116.909 116.899 116.874 116.866 116.843 116.808 116.825 116.818 116.893 116.827 116.737 116.769 116.753 116.772 116.805 116.717 116.817 116.794 116.793 116.728 116.804 116.796 116.809 116.764 116.775 116.709 116.71 116.725 116.732 116.634 116.696 116.735 116.721 116.721 116.688 116.663
117.173 117.225 117.182 117.19 117.183 117.149 117.16 117.138 117.175 117.117 117.074 117.048 117.091 117.05 117.056 117.005 117.013 116.996 117.082 116.992 116.981 116.978 116.982 116.974 116.945 116.933 117.025 117.056 116.992 116.897 116.897 116.894 116.955 116.895 116.843 116.934 116.825 116.835 116.868 116.86 116.806 116.796 116.771 116.754 116.783 116.768 116.789 116.787 116.767 116.764 116.756 116.838 116.806 116.795 116.817 116.846 116.716 116.78 116.754 116.754 116.669 116.775 116.738 116.721 116.733 116.717 116.704
117.23 117.215 117.182 117.182 117.187 117.12 117.12 117.117 117.117 117.163 117.12 117.108 117.099 117.062 117.036 117.08 117.114 117.007 117.079 116.995 117.005 117.005 117.03 117 116.965 116.969 117.001 116.979 116.937 116.907 116.894 116.894 116.91 116.935 116.911 116.915 116.902 116.914 116.893 116.838 116.858 116.821 116.82 116.843 116.874 116.793 116.873 116.887 116.835 116.804 116.775 116.795 116.829 116.787 116.827 116.79 116.837 116.774 116.732 116.7 116.7 116.755 116.732 116.747 116.745 116.746 116.709
117.239 117.226 117.207 117.184 117.19 117.183 117.262 117.243 117.143 117.146 117.126 117.133 117.128 117.103 117.054 117.08 117.052 117.045 117.053 117.055 117.019 117.061 117.066 116.965 116.972 117.008 116.989 116.998 117.013 117.002 116.933 116.894 116.919 116.93 116.935 116.895 116.893 116.893 116.909 116.899 116.89 116.903 116.877 116.833 116.875 116.843 116.945 116.853 116.833 116.813 116.775 116.787 116.787 116.79 116.841 116.838 116.774 116.806 116.786 116.7 116.808 116.775 116.776 116.767 116.778 116.743 116.727
117.265 117.251 117.252 117.229 117.183 117.183 117.183 117.296 117.27 117.197 117.166 117.153 117.153 117.23 117.117 117.1 117.131 117.104 117.05 117.038 117.019 117.072 117.045 116.978 117.005 117.002 117.007 117.032 116.977 116.995 116.939 116.949 116.924 116.933 116.907 116.901 116.902 116.908 116.899 116.916 116.953 116.897 116.96 116.896 116.905 116.843 116.877 116.838 116.863 116.816 116.779 116.868 116.891 116.787 116.787 116.8 116.793 116.794 116.781 116.75 116.805 116.807 116.767 116.767 116.809 116.749 116.775
117.256 117.251 117.295 117.242 117.214 117.256 117.261 117.263 117.197 117.218 117.19 117.177 117.183 117.223 117.116 117.211 117.108 117.142 117.109 117.052 117.049 117.055 117.04 117.038 117.034 117.001 116.992 116.979 116.971 116.971 116.952 116.924 116.924 116.965 116.992 116.925 116.895 116.895 116.895 116.903 116.937 117 116.9 116.934 116.924 116.909 116.86 116.879 116.931 116.901 116.858 116.893 116.949 116.854 116.882 116.836 116.87 116.805 116.822 116.785 116.775 116.793 116.767 116.787 116.772 116.722 116.722
117.279 117.284 117.289 117.272 117.341 117.291 117.293 117.204 117.335 117.265 117.177 117.177 117.177 117.178 117.116 117.147 117.112 117.088 117.058 117.058 117.067 117.04 117.069 117.024 117.001 117.021 116.979 116.995 116.979 117.018 116.997 116.96 116.924 116.925 116.917 116.897 116.895 116.895 116.935 116.921 116.963 116.901 116.917 116.888 116.891 116.881 116.901 116.893 116.879 116.948 116.88 116.871 116.893 116.846 116.813 116.813 116.813 116.893 116.845 116.841 116.854 116.792 116.805 116.77 116.755 116.74 116.722
117.281 117.272 117.272 117.272 117.313 117.27 117.302 117.233 117.266 117.255 117.208 117.177 117.219 117.18 117.214 117.137 117.095 117.078 117.059 117.063 117.074 117.061 117.046 117.02 117.065 117.092 117.032 117.003 117.006 117.066 117.053 116.997 116.97 116.951 116.999 117.018 116.981 116.935 116.891 116.902 116.879 116.879 116.879 116.888 116.879 116.879 116.896 116.879 116.909 116.927 116.948 116.956 116.873 116.886 116.856 116.873 116.906 116.918 116.863 116.933 116.863 116.799 116.924 116.814 116.769 116.785 116.747
117.305 117.289 117.28 117.282 117.292 117.25 117.25 117.28 117.27 117.208 117.226 117.205 117.22 117.196 117.187 117.179 117.12 117.169 117.086 117.107 117.073 117.076 117.169 117.071 117.031 117.031 117.008 117.012 117.003 117.044 117.061 116.998 116.957 117.008 117.071 117.014 117.014 116.975 116.959 116.888 116.915 116.91 116.879 116.879 116.879 116.879 116.91 116.879 116.894 116.946 116.997 116.873 116.888 116.861 116.861 116.862 116.861 116.912 116.907 116.865 116.838 116.819 116.864 116.816 116.813 116.796 116.77
117.308 117.28 117.304 117.294 117.3 117.334 117.274 117.25 117.256 117.233 117.236 117.245 117.222 117.227 117.177 117.165 117.151 117.162 117.108 117.151 117.105 117.074 117.051 117.043 117.058 117.014 117.07 117.067 117.11 117.155 117.113 117.081 116.988 117.039 117.036 116.962 116.962 117.061 116.92 117.006 116.931 116.916 116.904 116.906 116.967 116.966 116.879 116.879 116.904 116.95 116.928 116.873 116.903 116.934 116.886 116.861 116.882 116.861 116.869 116.82 116.82 116.916 116.882 116.892 116.835 116.849 116.835
117.328 117.339 117.297 117.294 117.329 117.312 117.309 117.302 117.292 117.239 117.19 117.177 117.177 117.177 117.189 117.181 117.141 117.139 117.137 117.145 117.123 117.094 117.048 117.043 117.084 117.062 117.09 117.062 117.098 117.076 117.076 117.162 116.995 117.035 117.068 117.009 116.962 116.963 116.989 117.024 116.936 116.926 116.909 116.911 116.931 116.942 116.942 116.879 116.956 116.965 116.901 116.873 116.888 116.861 116.861 116.861 116.861 116.861 116.893 116.835 116.881 116.876 116.852 116.852 116.838 116.842 116.801
117.412 117.349 117.314 117.294 117.295 117.336 117.284 117.363 117.26 117.224 117.208 117.209 117.214 117.207 117.219 117.151 117.136 117.129 117.089 117.089 117.089 117.094 117.071 117.057 117.074 117.062 117.062 117.068 117.114 117.083 117.076 117.127 117.084 116.989 116.989 116.962 117.005 116.981 116.97 116.935 116.979 116.915 116.909 116.924 116.922 116.961 116.92 116.889 116.946 116.916 116.873 116.873 116.91 116.861 116.879 116.905 116.878 116.867 116.926 116.929 116.867 116.92 116.863 116.91 116.876 116.842 116.791
117.381 117.375 117.347 117.305 117.303 117.315 117.298 117.274 117.224 117.234 117.237 117.225 117.205 117.205 117.188 117.176 117.137 117.17 117.12 117.091 117.111 117.071 117.102 117.113 117.069 117.062 117.062 117.075 117.065 117.051 117.051 117.051 117.051 116.989 117.036 116.971 116.962 116.995 116.962 116.996 116.928 117.021 117.025 116.942 116.913 116.907 116.914 116.924 116.889 116.896 116.873 116.875 116.871 116.861 116.907 116.869 116.881 116.884 116.916 116.867 116.901 116.934 116.832 116.874 116.876 116.823 116.854
117.413 117.357 117.305 117.316 117.3 117.305 117.303 117.269 117.267 117.256 117.226 117.226 117.237 117.231 117.192 117.221 117.176 117.215 117.172 117.154 117.133 117.158 117.104 117.092 117.079 117.088 117.156 117.153 117.156 117.051 117.064 117.051 117.068 117.028 116.999 117.053 117 116.962 116.962 117.038 116.949 116.942 117.002 116.986 116.942 116.943 116.906 116.889 116.889 116.903 116.901 116.89 116.91 116.865 116.861 116.933 116.884 116.881 116.922 116.922 116.895 116.943 116.861 116.818 116.814 116.849 116.812
117.388 117.369 117.357 117.365 117.326 117.3 117.315 117.267 117.249 117.249 117.245 117.246 117.226 117.231 117.292 117.21 117.23 117.177 117.172 117.161 117.16 117.191 117.138 117.095 117.147 117.095 117.088 117.118 117.138 117.128 117.074 117.1 117.161 117.097 117.044 117.056 117.041 116.976 116.983 116.975 117.014 117.069 116.992 116.942 116.944 116.921 116.937 116.941 116.936 116.89 116.902 116.977 116.912 116.877 116.937 116.919 116.881 116.881 116.911 116.892 116.863 116.885 116.824 116.816 116.827 116.814 116.794
117.459 117.41 117.357 117.374 117.358 117.315 117.3 117.293 117.277 117.267 117.244 117.226 117.284 117.226 117.274 117.231 117.202 117.171 117.163 117.163 117.143 117.143 117.145 117.146 117.141 117.158 117.148 117.096 117.131 117.074 117.074 117.074 117.144 117.044 117.074 117.032 117.007 117.052 117.049 117.027 117.011 116.995 116.992 116.951 116.994 116.937 116.97 117.056 117.088 117.057 117.029 117.043 117.001 116.896 116.896 116.923 116.891 116.881 116.905 116.863 116.919 116.863 116.842 116.875 116.908 116.835 116.843
117.475 117.44 117.358 117.381 117.381 117.399 117.293 117.329 117.298 117.285 117.262 117.226 117.234 117.226 117.242 117.224 117.208 117.198 117.181 117.172 117.164 117.192 117.173 117.222 117.159 117.161 117.167 117.116 117.173 117.074 117.074 117.108 117.083 117.061 117.076 117.025 117.038 117.03 117.029 116.983 116.983 116.986 116.993 116.967 116.988 117 116.954 116.95 116.95 116.95 116.95 116.95 116.932 116.928 116.915 116.921 116.913 116.92 116.952 116.918 116.979 117.048 117.045 116.961 116.939 116.895 116.868
117.451 117.421 117.388 117.377 117.412 117.38 117.353 117.316 117.316 117.325 117.299 117.243 117.235 117.23 117.232 117.223 117.223 117.208 117.222 117.189 117.205 117.19 117.184 117.187 117.192 117.233 117.227 117.19 117.169 117.151 117.097 117.075 117.12 117.073 117.045 117.027 117.015 117.015 116.991 117.021 116.983 116.984 116.983 117.021 116.976 116.995 117.072 117.065 116.972 117.006 116.974 117 116.926 116.926 116.98 116.929 116.913 116.926 116.944 117.013 117.001 116.984 117.031 117.039 116.947 116.957 116.904
117.481 117.399 117.417 117.377 117.39 117.364 117.383 117.341 117.34 117.317 117.34 117.27 117.251 117.23 117.292 117.229 117.229 117.241 117.242 117.258 117.246 117.247 117.237 117.242 117.204 117.225 117.208 117.222 117.231 117.239 117.147 117.128 117.111 117.086 117.074 117.062 117.046 117.047 117.032 117.087 117.08 116.983 117.014 116.983 116.984 117.017 117.012 117.014 117.06 117.068 117.024 116.95 116.999 116.926 116.941 116.934 116.913 116.921 116.953 117.003 116.985 116.977 116.977 116.913 116.913 116.913 116.914
117.437 117.438 117.433 117.49 117.453 117.427 117.391 117.386 117.366 117.358 117.394 117.339 117.299 117.284 117.32 117.296 117.232 117.229 117.23 117.235 117.243 117.251 117.241 117.261 117.207 117.269 117.279 117.217 117.262 117.258 117.169 117.143 117.193 117.124 117.121 117.143 117.148 117.08 117.136 117.13 117.091 117.092 117.065 116.999 117.006 117.073 117.093 117.012 117.045 117.032 116.981 116.955 116.961 116.926 116.96 116.937 116.957 116.957 116.989 117.061 117.017 117.025 117.039 117.069 116.982 116.989 116.925
117.521 117.528 117.506 117.486 117.484 117.502 117.436 117.462 117.417 117.37 117.361 117.348 117.326 117.308 117.334 117.357 117.337 117.3 117.288 117.25 117.235 117.237 117.246 117.306 117.268 117.292 117.259 117.273 117.251 117.244 117.187 117.201 117.231 117.294 117.18 117.205 117.242 117.167 117.09 117.199 117.193 117.192 117.092 117.05 117.062 117.006 117.037 117.012 117.08 117.023 116.974 116.989 116.944 116.962 116.963 117.039 117.044 117.067 116.989 116.989 116.989 117.035 117.083 117.103 117.012 117.07 116.996
117.464 117.537 117.533 117.526 117.553 117.563 117.49 117.473 117.48 117.46 117.44 117.392 117.463 117.364 117.32 117.356 117.288 117.266 117.25 117.262 117.288 117.248 117.255 117.26 117.297 117.336 117.313 117.256 117.244 117.294 117.211 117.18 117.18 117.18 117.221 117.346 117.168 117.151 117.113 117.17 117.185 117.185 117.201 117.154 117.134 117.081 117.098 117.029 117.134 117.067 117.024 117.036 116.993 116.96 116.967 116.99 117.041 116.989 116.989 116.989 117.013 117.016 117.059 117.088 117.011 116.996 116.996
117.541 117.622 117.607 117.559 117.608 117.536 117.531 117.557 117.52 117.516 117.486 117.482 117.459 117.444 117.371 117.415 117.334 117.394 117.341 117.296 117.338 117.285 117.276 117.263 117.28 117.288 117.294 117.327 117.244 117.248 117.284 117.231 117.237 117.196 117.214 117.277 117.219 117.188 117.149 117.26 117.233 117.253 117.16 117.159 117.179 117.147 117.156 117.233 117.193 117.102 117.022 117.016 117.034 117.008 117.017 117.039 117.014 116.998 117.042 117.054 117.023 117.013 117.137 117.058 117.051 117.134 117.104
